clade	species	ts	te
0.0	Aetosauripus	249.27188966542076	248.01195384351956
0.0	Aetosauroides	231.04751754419638	229.32488889645415
0.0	Aetosaurus	219.7564069891908	217.67258441620368
0.0	Ammosaurus	201.4098849462572	199.65643496737044
0.0	Anchisauripus	244.0396294310536	199.24208392322458
0.0	Angistorhinus	239.5432263717547	209.7971167476513
0.0	Anomoepus	234.99908335124758	198.9872492483079
0.0	Anomoiodon	245.59782499272654	244.44523836569346
0.0	Apatopus	234.92525799898982	202.53969149398932
0.0	Archosaurus	259.0049980739469	257.2619407587635
0.0	Argoides	200.51458997918982	199.80073118395796
0.0	Askeptosaurus	239.09238490392968	237.54075414375188
0.0	Atreipus	249.6529218991817	203.41275526861298
0.0	Barrancapus	218.65164131104154	216.2723249524194
0.0	Basutodon	228.53441565350036	202.4431124563087
0.0	Batrachopus	244.12472287665423	198.89934268532173
0.0	Bolosaurus	295.7954861832509	274.6899337442166
0.0	Boreopricea	248.7495869580766	247.86401122608342
0.0	Brachychirotherium	248.59298231750682	201.4586322244671
0.0	Bradysaurus	284.14936429164567	254.9178870436408
0.0	Bromsgroveia	243.9848814778261	242.7958821822406
0.0	Californosaurus	234.11870184089304	231.51928640579857
0.0	Callawayia	214.2753474274169	212.3006746850187
0.0	Camelotia	203.83405294908576	202.99413825982424
0.0	Captorhinikos	293.7163648123043	277.6319789233256
0.0	Captorhinus	290.2121679639357	266.07497401060715
0.0	Carmelopodus	200.64935824810587	199.9215459177695
0.0	Caseosaurus	220.43630167067383	217.67876855035863
0.0	Ceresiosaurus	241.64247487554297	239.2436283362966
0.0	Chanaresuchus	239.64159546055154	238.36239214203457
0.0	Chaohusaurus	247.8139131333468	246.80369314991415
0.0	Chasmatosuchus	252.14725870148501	246.5056283908476
0.0	Chelonipus	248.37332775098494	246.39287036680474
0.0	Chindesaurus	217.3462446278412	214.70018928750378
0.0	Chirotherium	279.6901247390646	202.46142520396
0.0	Cladeiodon	244.4489567376503	243.30248929407014
0.0	Clevosaurus	238.13721312314377	199.17703264157996
0.0	Coahomasuchus	216.48761740004042	214.18609871724414
0.0	Coelophysis	230.72968132195172	199.6916907919992
0.0	Coelurosauravus	257.3550357030003	255.69025399525202
0.0	Coelurosaurichnus	249.90097920628344	207.7430237978584
0.0	Contectopalatus	242.370248855743	241.05864110607135
0.0	Crosbysaurus	230.31677725830892	204.6632028646328
0.0	Cyamodus	243.68490881088997	232.34214701080916
0.0	Cymatosaurus	247.00693759066573	242.31226752439642
0.0	Cymbospondylus	249.84893101838568	236.6870864534801
0.0	Delatorrichnus	201.15911055278312	200.47471107404786
0.0	Desmatosuchus	234.64060076724925	206.90699029588845
0.0	Deuterotrisauropus	200.88350000404083	200.303637482675
0.0	Dilophosauripus	205.376562298515	199.29358532508334
0.0	Dimetropus	249.67910801878978	248.45035433781194
0.0	Diphydontosaurus	238.18326938781692	201.37045805828873
0.0	Doswellia	230.61639300404084	207.65424383008386
0.0	Drepanosaurus	203.27216349146377	202.62081240074755
0.0	Dromomeron	225.5024177951308	210.53596878472575
0.0	Dromopus	258.485034467926	251.70224888332154
0.0	Embrithosaurus	265.23228731619355	259.48415702020407
0.0	Eosauropus	233.3797749953531	201.21895079533286
0.0	Erpetosuchus	216.05411694817656	214.25467133538743
0.0	Eubrontes	250.55314048600866	199.1102947676533
0.0	Eucoelophysis	203.93030360874835	203.1526612443681
0.0	Eudimorphodon	220.75866312071926	201.38215032710377
0.0	Eunotosaurus	263.25225071906254	261.7695524956056
0.0	Eusaurosphargis	246.36307179139305	242.8649702741691
0.0	Evazoum	238.61804408142234	198.8962916288514
0.0	Garjainia	248.42776085897566	246.45637519638345
0.0	Gephyrosaurus	204.28604473562987	203.279365392969
0.0	Germanosaurus	244.72940542458835	243.56195588412973
0.0	Grallator	249.19994803596325	199.31605797636126
0.0	Gregaripus	219.1564306631983	216.8242827586625
0.0	Guaibasaurus	216.2692922864936	214.35968777381555
0.0	Guizhouichthyosaurus	240.75550002111325	237.06832923901405
0.0	Gwyneddichnium	226.40900005566218	199.64002982543693
0.0	Haligonia	203.88043046540054	202.98182816688555
0.0	Hamatopus	251.64993124941913	242.57587389625212
0.0	Herrerasaurus	232.80146270471766	229.52718708798866
0.0	Hesperosuchus	220.9124761104152	208.3922138860491
0.0	Hudsonelpidia	215.77203590675828	213.6656697028993
0.0	Hyloidichnus	258.97720328558444	251.97497903081123
0.0	Hyperodapedon	236.97601720911206	206.26854430336397
0.0	Hypsognathus	246.41064008798864	196.40281746408726
0.0	Ichthyosaurus	227.9068290940499	199.14832889413074
0.0	Ingenierichnus	255.308508855844	253.96197095726845
0.0	Isochirotherium	251.06088449075665	237.84789587321956
0.0	Kapes	249.11862052217398	247.7631471382968
0.0	Kayentapus	227.1050392467926	198.93464962127487
0.0	Keichousaurus	240.96891330326295	236.62867060319226
0.0	Kinelia	265.83940693686225	264.16347938832206
0.0	Kuehneosaurus	237.3976919448429	209.71477428578643
0.0	Labidosaurikos	280.5398457079503	278.96773718870594
0.0	Labidosaurus	284.02259095787457	272.68109070552583
0.0	Lagosuchus	239.59565433478127	237.85631060107082
0.0	Langobardisaurus	211.17926994524697	209.83191770966764
0.0	Lariosaurus	239.8470006547126	236.848074736236
0.0	Leptonectes	203.5307708521063	202.75762094948985
0.0	Leptosuchus	228.31291476967368	205.76443371774926
0.0	Liliensternus	225.9673034114557	201.45898399868673
0.0	Longosuchus	222.58854500121222	219.9168020676836
0.0	Lotosaurus	244.25794251823416	243.11169435670269
0.0	Lucasuchus	236.78321110556624	226.26487100090918
0.0	Macgowania	214.16202278189718	211.9685938936256
0.0	Machaeroprosopus	228.94872692181028	202.46282336640064
0.0	Mafatrisauropus	200.66488552601274	200.00899022800283
0.0	Malerisaurus	225.38647858854426	205.78343629881806
0.0	Massospondylus	237.58762686362257	210.24414537923022
0.0	Megalancosaurus	216.3025912192141	206.80080466491563
0.0	Megalosauripus	200.60380220365693	199.92019516819883
0.0	Megalosaurus	203.87733100060612	202.9658207130013
0.0	Megapnosaurus	200.90301787028994	200.24298905849074
0.0	Mehliella	233.86106876351144	231.19856609071624
0.0	Melanorosaurus	224.93437457723002	204.24938321709266
0.0	Microcnemus	253.0082139093848	247.49026442115368
0.0	Mikadocephalus	242.22603176482474	240.81537414829785
0.0	Mixosaurus	247.75582719486817	217.62798663066977
0.0	Mystriosuchus	219.80090922315384	199.51909388099807
0.0	Nectosaurus	235.6804675284372	227.79895224073138
0.0	Neusticosaurus	245.67311034124657	238.52328036720883
0.0	Nicrosaurus	229.85507945358114	208.7709924692393
0.0	Nothosaurus	248.39666366249116	202.94052103464998
0.0	Obirkovia	259.0913313526619	257.0982308149308
0.0	Omphalosaurus	249.19785109647438	236.34293141781998
0.0	Orenburgia	248.7301419342358	247.69795582998285
0.0	Otozoum	232.2299008318012	197.65245795080313
0.0	Owenetta	250.92830068623093	249.71564583473076
0.0	Ozimek	233.94853166097585	231.5425675398525
0.0	Pachypes	257.69074530730376	252.09186572007275
0.0	Pachypleurosaurus	239.5457115567229	238.46080625143955
0.0	Pachystropheus	204.4608839173654	203.41090121628446
0.0	Palacrodon	214.91502804626728	212.8968643970098
0.0	Paleollanosaurus	204.22659963683202	203.24692258834227
0.0	Pampadromaeus	233.54943906374385	231.5532481231438
0.0	Parabrontopodus	201.39467745034852	199.59071535003537
0.0	Parachirotherium	236.24120216799676	228.24903209263567
0.0	Paralonectes	243.13335252621476	242.0553657398727
0.0	Parasuchus	255.7942220007071	205.7819437417921
0.0	Parasynaptichnium	244.17532738236187	243.19447783563996
0.0	Paratypothorax	226.97311217284573	205.90596110496008
0.0	Pareiasaurus	257.1031447105768	255.24507540529348
0.0	Pengxianpus	218.91954674866147	216.94814654177188
0.0	Phaanthosaurus	251.82830076209717	250.57321355076266
0.0	Phalangichnus	244.35234311688052	238.3212848453379
0.0	Placochelys	216.48788278543287	200.81226985746034
0.0	Placodus	247.6172725119709	230.4340010820285
0.0	Planocephalosaurus	241.6091828716032	198.23808491251643
0.0	Plateosaurus	229.1294507069401	199.92146988190729
0.0	Plectropterna	201.18110201525406	200.5645014929791
0.0	Plesiosaurus	205.49862449590867	199.48297062218407
0.0	Poposaurus	204.28616470815234	203.4303032716436
0.0	Postosuchus	234.82741047146175	201.01865232629558
0.0	Procerosuchus	217.03784678017982	214.96506262450754
0.0	Prochirotherium	256.22906559440344	254.63074377300737
0.0	Procolophon	251.81207198464492	246.97817815082334
0.0	Procolophonichnium	259.3924116960299	214.98631727336098
0.0	Proganochelys	214.09173928770585	212.53097446903732
0.0	Promystriosuchus	223.13565629285787	221.00684209990905
0.0	Prorotodactylus	249.7105565785433	248.19155587938175
0.0	Proterochampsa	232.61773517153247	229.95935489564602
0.0	Proterosuchus	250.3009541158703	249.2546623119507
0.0	Protochirotherium	253.34101313657945	246.31829394565102
0.0	Protorosaurus	257.40372438963533	255.4096369517123
0.0	Protosuchus	200.99820883563999	200.3180529119103
0.0	Psephoderma	243.14117954348924	241.97363860895038
0.0	Psephosauriscus	240.2145725993535	238.9116057428023
0.0	Psephosaurus	245.2492294968179	236.1560111958784
0.0	Pseudotetrasauropus	233.873398915446	199.79936601363772
0.0	Pterodactylus	200.38395180725325	199.78476059026164
0.0	Qianichthyosaurus	239.74509055056066	236.768620965148
0.0	Redondasuchus	223.51643209970703	211.75354121769877
0.0	Revueltosaurus	233.93228000656634	206.91791245640974
0.0	Rhipaeosaurus	267.77320000585917	259.85797944751994
0.0	Rhynchosauroides	258.3792737975553	201.55440382846754
0.0	Rigalites	216.71658684149912	214.19251208788765
0.0	Rotodactylus	252.48042562248713	215.24662019577735
0.0	Rutiodon	233.92068502081017	205.19000439387816
0.0	Saltoposuchus	215.96252975189412	213.37254840610163
0.0	Saturnalia	232.97144618688753	231.04811119274672
0.0	Scelidosaurus	200.64004655076272	200.0693329615113
0.0	Scharschengia	248.03051017567427	246.87983546156175
0.0	Sclerosaurus	245.6682887716941	244.44221131750686
0.0	Scoloparia	203.60736011051623	202.72068240791998
0.0	Scutosaurus	263.92336513445804	258.1048274236791
0.0	Shastasaurus	232.69559818405898	230.09789699888879
0.0	Shenmuichnus	233.793145870795	190.79937896595615
0.0	Shonisaurus	228.70026529033237	197.4904321403172
0.0	Shuvosaurus	227.02532066986564	201.24494468734216
0.0	Sigmala	236.3041257286595	226.65168337933122
0.0	Simosaurus	251.16659875947065	198.8693213456915
0.0	Smilosuchus	219.7088534681281	216.88395496252147
0.0	Spinosuchus	233.22647068572584	230.91478045449034
0.0	Stagonolepis	227.15082168269518	205.78379433801393
0.0	Stegomus	235.31383904707545	211.32756355258107
0.0	Stenaulorhynchus	246.62714459117086	241.23289308374584
0.0	Stenonyx	201.31345207435095	199.81481698343268
0.0	Steropoides	200.70091144620667	200.09882049439338
0.0	Synaptichnium	252.13847858672594	229.49868444853018
0.0	Syntarsus	203.40835460066674	202.46714591362766
0.0	Tanystropheus	249.4389385900596	200.08541095241944
0.0	Tanytrachelos	226.9576458937266	207.05839310021213
0.0	Tecovasaurus	216.47826869047378	214.66655703656937
0.0	Tecovasuchus	231.20304307748256	207.78727953197296
0.0	Temnodontosaurus	200.63161967532074	199.91732563208404
0.0	Termatosaurus	203.8993065043944	203.18364602050713
0.0	Terrestrisuchus	236.6073149069603	227.00895568431156
0.0	Tetrasauropus	255.63129965673298	195.78381184705526
0.0	Thalattosaurus	243.957431477624	230.02609818294778
0.0	Thecodontosaurus	251.75656316334982	199.70114998171533
0.0	Tichvinskia	250.3580823422568	247.18377634447927
0.0	Ticinosuchus	242.93526028780684	241.6237637050207
0.0	Trilophosaurus	232.00399668683704	206.69292956793612
0.0	Typothorax	229.03102191322353	207.70259833265987
0.0	Utatsusaurus	251.4574247123952	246.03155263612484
0.0	Vancleavea	231.35355079785833	206.11749082220427
0.0	Variodens	204.99679423073036	202.24704322456813
0.0	Wintonopus	200.79452984311547	200.19558772077986
0.0	Xinpusaurus	238.73306855460143	237.3211393726639
0.0	Yunguisaurus	238.88749474118598	237.53027292383067
0.0	Yunnanosaurus	200.47849630578847	199.73993958450347
0.0	Zanclodon	204.1207188970603	203.25938316385492
