clade	species	ts	te
0.0	Aetosauripus	50.23453075286143	49.06618629769974
0.0	Aetosauroides	32.02516854750528	30.466323376264025
0.0	Aetosaurus	20.34535527180798	18.586739967440824
0.0	Ammosaurus	2.643981125791755	0.739859101122347
0.0	Anchisauripus	44.88994144493832	0.4430391372374708
0.0	Angistorhinus	38.91945483731526	11.69948278430937
0.0	Anomoepus	35.85590709012112	0.405962013334815
0.0	Anomoiodon	46.765314086454055	45.35036369474386
0.0	Apatopus	35.51388048549838	3.698992939659963
0.0	Archosaurus	60.701582601177904	57.81139700355595
0.0	Argoides	1.4254102672519169	0.8930278327591954
0.0	Askeptosaurus	40.20691270718969	38.686210359595506
0.0	Atreipus	48.61968651661296	6.738912209912212
0.0	Barrancapus	19.280541531947996	17.553515538504282
0.0	Basutodon	29.031267958439823	5.930409591843538
0.0	Batrachopus	44.56297917824203	0.34043643315923994
0.0	Bolosaurus	95.59153859639959	75.86953391876875
0.0	Boreopricea	50.19012240748972	48.66571548538727
0.0	Brachychirotherium	49.6336667906434	2.448175384487165
0.0	Bradysaurus	80.67887824936103	57.79710864218247
0.0	Bromsgroveia	44.8768335461718	43.53149968918768
0.0	Californosaurus	35.290524257917546	33.20151712256918
0.0	Callawayia	15.039818769418826	13.445850293143684
0.0	Camelotia	4.947673784864985	4.028059880986776
0.0	Captorhinikos	93.62244432003554	79.42787859873319
0.0	Captorhinus	90.3353950856762	65.86252564596066
0.0	Carmelopodus	1.6588504896099565	1.009408640071119
0.0	Caseosaurus	20.991710509167685	19.246519116901876
0.0	Ceresiosaurus	42.63889903000333	40.212382083009224
0.0	Chanaresuchus	40.76814625669519	38.99298753839315
0.0	Chaohusaurus	48.83645140571175	47.72724517646405
0.0	Chasmatosuchus	52.88995809067675	47.48511817479719
0.0	Chelonipus	49.39750152450272	47.14642416079564
0.0	Chindesaurus	17.900186942326926	16.21960427925325
0.0	Chirotherium	80.54230255095011	3.425558376152906
0.0	Cladeiodon	45.388622449494385	44.097616061006775
0.0	Clevosaurus	38.92298915112791	0.5062972692521391
0.0	Coahomasuchus	16.91851581253473	15.324069089454385
0.0	Coelophysis	31.356970569174354	0.9039043284809424
0.0	Coelurosauravus	58.81965470363373	56.545278375597285
0.0	Coelurosaurichnus	52.17122127880876	9.979098652294699
0.0	Contectopalatus	43.39262024969441	41.33090749427714
0.0	Crosbysaurus	31.879563872763637	9.636370538282032
0.0	Cyamodus	44.71757147116347	33.2465379118791
0.0	Cymatosaurus	48.01274024591621	43.61888053750417
0.0	Cymbospondylus	51.645763040115575	37.31041070407823
0.0	Delatorrichnus	2.1870043483720414	1.478586353817091
0.0	Desmatosuchus	35.845146179019885	8.1515934774975
0.0	Deuterotrisauropus	1.9845346087343034	1.2583576506278475
0.0	Dilophosauripus	6.151911252472496	0.5368928196466274
0.0	Dimetropus	50.83555086820758	49.44281632948105
0.0	Diphydontosaurus	39.16911831792421	2.9957085270585617
0.0	Doswellia	32.79433755428381	10.023758541837982
0.0	Drepanosaurus	4.3849551093454835	3.5499490803422598
0.0	Dromomeron	26.643587444938326	12.64297513590399
0.0	Dromopus	59.780040854650515	52.873686470718965
0.0	Embrithosaurus	67.40959107700856	61.00715320991222
0.0	Eosauropus	34.97940985009446	2.194568048449828
0.0	Erpetosuchus	17.06012329092121	15.38627165485054
0.0	Eubrontes	51.22276311245694	0.3301936511834649
0.0	Eucoelophysis	5.124157939548838	4.100025278808756
0.0	Eudimorphodon	21.350909827203022	2.5556356186242914
0.0	Eunotosaurus	64.36847349572174	62.39436724858318
0.0	Eusaurosphargis	47.00696988887654	43.898711018890985
0.0	Evazoum	37.791023574063786	2.4938530462273585
0.0	Garjainia	49.50348443271475	47.41958286842983
0.0	Gephyrosaurus	5.250615493499278	4.37033948683187
0.0	Germanosaurus	45.6994068607623	44.627879094788305
0.0	Grallator	50.201350758417604	0.38528367351927995
0.0	Gregaripus	19.919197847871988	18.19612065096122
0.0	Guaibasaurus	17.17200514134904	15.520858302922548
0.0	Guizhouichthyosaurus	41.527333852983666	37.18968985087232
0.0	Gwyneddichnium	28.846483800088897	2.4104945498388712
0.0	Haligonia	4.803472819868874	3.992894303478164
0.0	Hamatopus	52.768276883098125	44.10968866951884
0.0	Herrerasaurus	32.74481737481943	30.67684064618291
0.0	Hesperosuchus	22.218635257250806	10.71764476064007
0.0	Hudsonelpidia	16.78012106911879	14.771034802089122
0.0	Hyloidichnus	60.385341976108464	52.884369946216246
0.0	Hyperodapedon	38.082287791754645	7.408411142793644
0.0	Hypsognathus	39.579438446938546	3.6051248134237133
0.0	Ichthyosaurus	28.643497188909883	0.5357224547171908
0.0	Ingenierichnus	57.201652759751084	54.87846449761085
0.0	Isochirotherium	52.10358667851983	38.57989899688854
0.0	Kapes	50.037214481164575	48.58437537759751
0.0	Kayentapus	26.92381621180131	0.4074749515501722
0.0	Keichousaurus	42.03600526314035	37.502478189021
0.0	Kinelia	67.16752588709858	64.63718040226692
0.0	Kuehneosaurus	39.072896783531505	11.90920072308034
0.0	Labidosaurikos	82.02093704767196	79.83207815957329
0.0	Labidosaurus	84.30490741904657	74.1308866062896
0.0	Lagosuchus	40.67124617635293	39.11071922502501
0.0	Langobardisaurus	12.374525876986333	10.485830366485166
0.0	Lariosaurus	40.82628749772197	37.6259198342038
0.0	Leptonectes	4.43685110412268	3.723738410934548
0.0	Leptosuchus	29.405758041560173	6.821852995110567
0.0	Liliensternus	25.355313458606513	3.3211865253917106
0.0	Longosuchus	22.606792271585732	20.95689361951328
0.0	Lotosaurus	45.32636048938772	44.21182331125681
0.0	Lucasuchus	40.769912857650844	28.876244644738303
0.0	Macgowania	14.646992887876431	12.967514134237138
0.0	Machaeroprosopus	28.72017417635293	3.4112848769863318
0.0	Mafatrisauropus	1.6956003957106343	1.0276666607400822
0.0	Malerisaurus	24.788784883098124	9.597436306256249
0.0	Massospondylus	40.23654060973442	15.009244013557062
0.0	Megalancosaurus	15.412165387820869	8.476657548283143
0.0	Megalosauripus	1.6898158253139237	0.9728530496721859
0.0	Megalosaurus	4.770168710634515	4.0518485730636735
0.0	Megapnosaurus	2.002556192132459	1.2316752952550283
0.0	Mehliella	34.232387441049006	32.33809627647516
0.0	Melanorosaurus	27.097229668852094	6.489408703078119
0.0	Microcnemus	54.17782484264919	48.56017308112012
0.0	Mikadocephalus	43.238703630959	41.79021709167686
0.0	Mixosaurus	48.463130413601505	19.996727461940214
0.0	Mystriosuchus	17.846981531281255	1.0344144683853762
0.0	Nectosaurus	36.47715336937437	29.15687317746416
0.0	Neusticosaurus	46.58548767640849	39.42570541426824
0.0	Nicrosaurus	29.3213938540949	10.045110337037448
0.0	Nothosaurus	49.28655159417713	4.027524876541838
0.0	Obirkovia	60.00681168585399	58.287749515501716
0.0	Omphalosaurus	50.68703439415491	36.50475277253028
0.0	Orenburgia	49.74656251550173	48.703405769196586
0.0	Otozoum	34.201168429825536	0.6445386235137237
0.0	Owenetta	52.045363169018785	50.64741348116457
0.0	Ozimek	34.54299766207357	32.708180746194024
0.0	Pachypes	59.350133697410826	52.838684619846646
0.0	Pachypleurosaurus	40.70005735192799	39.38566264173797
0.0	Pachystropheus	5.5200348633181475	4.484881985887322
0.0	Palacrodon	15.869563282031336	14.078459278697634
0.0	Paleollanosaurus	5.381074479497721	4.34928829914435
0.0	Pampadromaeus	34.34587935026114	32.42742802222468
0.0	Parabrontopodus	2.454936099677742	0.6727477101900212
0.0	Parachirotherium	37.40943909167685	28.680638331147904
0.0	Paralonectes	44.3109392065785	42.89601843582621
0.0	Parasuchus	54.16332504344928	9.78427128569841
0.0	Parasynaptichnium	45.273224322369146	43.75365770907879
0.0	Paratypothorax	28.048910668740973	6.956261103567063
0.0	Pareiasaurus	57.95995032292477	56.176361339037676
0.0	Pengxianpus	19.9600098218691	17.918095137015225
0.0	Phaanthosaurus	52.81282454161573	51.46232390221136
0.0	Phalangichnus	45.47589458784309	38.808155191576844
0.0	Placochelys	18.88462731747972	3.1827057504167136
0.0	Placodus	48.845337678742084	31.722821163684852
0.0	Planocephalosaurus	43.027961053339254	3.4128833350372263
0.0	Plateosaurus	30.721809044227136	1.0590767554172684
0.0	Plectropterna	2.250775828314257	1.5532662211356818
0.0	Plesiosaurus	6.539690744416046	0.7109487315257251
0.0	Poposaurus	5.381693607845316	4.387763179686632
0.0	Postosuchus	35.38750071574619	2.4887564624958327
0.0	Procerosuchus	17.683208531947997	15.906879099010999
0.0	Prochirotherium	57.34077483409267	55.173840676630746
0.0	Procolophon	52.70414426247361	47.77507427058562
0.0	Procolophonichnium	61.9381328503167	14.883384382042447
0.0	Proganochelys	15.314064172685855	13.440181506834092
0.0	Promystriosuchus	23.944506918879878	22.311172026002886
0.0	Prorotodactylus	50.66773268440937	49.53779579808867
0.0	Proterochampsa	32.9595616224025	31.106238468829872
0.0	Proterosuchus	51.678824713523724	49.94290869885543
0.0	Protochirotherium	54.270873406156234	48.02787200477832
0.0	Protorosaurus	58.614776325480605	56.29015253905989
0.0	Protosuchus	2.0049627744193796	1.3228079544393823
0.0	Psephoderma	44.17142047738638	42.911151392932545
0.0	Psephosauriscus	41.26656180475609	39.500592345816194
0.0	Psephosaurus	45.81112574386043	36.74949743149239
0.0	Pseudotetrasauropus	35.07723342704745	2.955846301366819
0.0	Pterodactylus	1.498524396710746	0.8170613175908434
0.0	Qianichthyosaurus	40.58016794021558	37.98712945149462
0.0	Redondasuchus	22.372988956550728	13.261011713634849
0.0	Revueltosaurus	33.69542074663852	8.293356511056784
0.0	Rhipaeosaurus	70.40579968140905	59.489310614734976
0.0	Rhynchosauroides	60.06075570352261	2.5574679647738634
0.0	Rigalites	17.64139661240138	15.516487714412712
0.0	Rotodactylus	52.519009351150125	17.456227906211797
0.0	Rutiodon	34.44324042382487	6.270180283253695
0.0	Saltoposuchus	16.45798654072675	15.243594492832537
0.0	Saturnalia	33.7487114580509	32.27618260373375
0.0	Scelidosaurus	1.787454150350039	1.0691666552950327
0.0	Scharschengia	49.032318936437385	47.76401158573175
0.0	Sclerosaurus	46.61324000811201	45.41475679564396
0.0	Scoloparia	4.598559339037671	3.7965325270585617
0.0	Scutosaurus	65.60893349327704	58.84188531014558
0.0	Shastasaurus	33.81592314323814	31.497403733525953
0.0	Shenmuichnus	41.659599636737404	0.723673748972108
0.0	Shonisaurus	29.18854587531948	3.456157111901322
0.0	Shuvosaurus	27.417039400711193	2.332581473274808
0.0	Sigmala	37.485632760640065	28.307183924102677
0.0	Simosaurus	48.20854333459273	3.0104267498610957
0.0	Smilosuchus	19.794081192910323	18.518386945549505
0.0	Spinosuchus	34.22650553439271	31.839640655961773
0.0	Stagonolepis	28.312740369041002	7.387507520057785
0.0	Stegomus	37.35730654272696	14.211851644182687
0.0	Stenaulorhynchus	47.764415031559054	42.225209900211134
0.0	Stenonyx	2.375975692299144	0.9390150415601735
0.0	Steropoides	1.7625335729525504	1.0955674371596844
0.0	Synaptichnium	53.943583873430384	30.84156165529503
0.0	Syntarsus	4.398712019779975	3.491116163907101
0.0	Tanystropheus	50.5526679914435	3.030960983998222
0.0	Tanytrachelos	27.627821069452164	8.316208702078008
0.0	Tecovasaurus	17.75960820335593	15.773158224691631
0.0	Tecovasuchus	30.689717652072453	10.750999013112567
0.0	Temnodontosaurus	1.595639401822425	0.9768099409934436
0.0	Termatosaurus	5.090677644182687	4.105179705189465
0.0	Terrestrisuchus	37.60819044593845	27.961846314257137
0.0	Tetrasauropus	50.846090560617846	5.458669673519279
0.0	Thalattosaurus	45.17086838826537	30.923911211467942
0.0	Thecodontosaurus	49.927710276919655	1.8404075541726859
0.0	Tichvinskia	51.210404548394266	48.26353702144683
0.0	Ticinosuchus	44.05979324058228	42.558147569618846
0.0	Trilophosaurus	34.850177106122906	9.023417737304145
0.0	Typothorax	29.443783599955548	9.367524657961997
0.0	Utatsusaurus	52.235913884431596	47.37478263118124
0.0	Vancleavea	31.030005590398932	8.553695244027114
0.0	Variodens	6.278775658406489	3.208292763307034
0.0	Wintonopus	1.8427825153905988	1.1898340166685188
0.0	Xinpusaurus	39.84960780208912	38.10869642082454
0.0	Yunguisaurus	39.970586100455606	38.48303981786865
0.0	Yunnanosaurus	1.4675306014001557	0.8508364946105123
0.0	Zanclodon	5.143815369374375	4.247597013334815
