clade	species	ts	te
0.0	Aetosauripus	249.03914486887564	248.1560605966259
0.0	Aetosauroides	231.60828397878572	229.1321784603495
0.0	Aetosaurus	219.40639478038185	217.35607124063034
0.0	Ammosaurus	201.4615509070613	199.65962946641073
0.0	Anchisauripus	243.99594691221336	199.11390789978785
0.0	Angistorhinus	238.515601074553	211.03882596545105
0.0	Anomoepus	234.1815621433478	199.08492901747653
0.0	Anomoiodon	245.76449572300234	244.4581390433377
0.0	Apatopus	234.52353366218813	201.78855689312053
0.0	Archosaurus	259.18611265067176	257.3722950476816
0.0	Argoides	200.55954952712395	199.72404518203862
0.0	Askeptosaurus	239.13961492150722	237.53554745166178
0.0	Atreipus	246.94224591696133	203.47108292292154
0.0	Barrancapus	218.44577855146983	216.04449362137592
0.0	Basutodon	226.48753880189918	203.56381406990602
0.0	Batrachopus	243.79295399979793	198.71972981220327
0.0	Bolosaurus	300.21720016031924	272.5766852221437
0.0	Boreopricea	248.8378243174058	247.882577806041
0.0	Brachychirotherium	248.5361113675119	201.45689712183048
0.0	Bradysaurus	282.5013129037277	253.81850527224978
0.0	Bromsgroveia	243.89893720446508	242.6633530105061
0.0	Californosaurus	234.2049920194969	232.2052834462067
0.0	Callawayia	214.31673957086574	212.40245402010305
0.0	Camelotia	203.7854179596929	203.09816955641986
0.0	Captorhinikos	293.69548774209517	277.6856033747854
0.0	Captorhinus	290.3349719707041	266.373707826144
0.0	Carmelopodus	200.655522343267	199.9600677606829
0.0	Caseosaurus	221.03166042580057	217.85615418890796
0.0	Ceresiosaurus	241.6469175799576	239.14473082836648
0.0	Chanaresuchus	239.72507139630264	238.2378646233963
0.0	Chaohusaurus	247.82618218981716	246.80608619173654
0.0	Chasmatosuchus	252.33242464612584	246.54523244004443
0.0	Chelonipus	248.2113547748257	246.48335634649962
0.0	Chindesaurus	217.3728481303162	214.53589339731283
0.0	Chirotherium	279.9538732203253	202.37222223992322
0.0	Cladeiodon	244.5263731837559	243.29159681028386
0.0	Clevosaurus	238.33111402192142	199.04622068643297
0.0	Coahomasuchus	216.05583059248409	214.0929476642085
0.0	Coelophysis	231.41543687564402	199.6218855597535
0.0	Coelurosauravus	257.428596975149	255.53732117153245
0.0	Coelurosaurichnus	250.2084978759471	208.81848879462572
0.0	Contectopalatus	242.51821008778666	240.86009922598242
0.0	Crosbysaurus	234.1394638093747	204.7034486507728
0.0	Cyamodus	243.82426812667947	232.40195809354478
0.0	Cymatosaurus	247.0184715547025	242.02148942852813
0.0	Cymbospondylus	250.29657388180624	236.46390668532175
0.0	Delatorrichnus	201.21793958036167	200.46710556803717
0.0	Desmatosuchus	234.8056059150419	206.64248987018888
0.0	Deuterotrisauropus	200.9611582448732	200.1828400339428
0.0	Dilophosauripus	204.93972571199112	199.22625841923428
0.0	Dimetropus	249.53188873967068	248.5204790043439
0.0	Diphydontosaurus	238.06259364642895	201.60316466036974
0.0	Doswellia	229.2597083258915	206.39442663309424
0.0	Drepanosaurus	203.28498330134354	202.64975899141328
0.0	Dromomeron	225.7982695592484	210.54925396292555
0.0	Dromopus	259.14641391423373	251.40496993918575
0.0	Embrithosaurus	266.2426238770583	260.0092876441054
0.0	Eosauropus	233.48059345651075	201.18807331164766
0.0	Erpetosuchus	216.30957085200527	213.88260069855545
0.0	Eubrontes	249.9063068229114	199.02366054591374
0.0	Eucoelophysis	203.87364324982323	203.15617287867462
0.0	Eudimorphodon	221.4857894417618	201.52789111364783
0.0	Eunotosaurus	263.7614802470957	261.2787453152844
0.0	Eusaurosphargis	246.30563805394482	242.94058857369433
0.0	Evazoum	234.8845554045863	200.17350336619862
0.0	Garjainia	248.3387721854733	246.48989398646324
0.0	Gephyrosaurus	204.1238428070512	203.41130059177695
0.0	Germanosaurus	244.8659580109102	243.68619517537127
0.0	Grallator	249.13612032700271	199.2913273388221
0.0	Gregaripus	219.12075710233356	217.24047513294272
0.0	Guaibasaurus	216.38677377977575	214.16814724790385
0.0	Guizhouichthyosaurus	240.40632368582683	236.89786482028487
0.0	Gwyneddichnium	227.06407608687746	201.42203606909786
0.0	Haligonia	203.7868941565815	203.01204721385997
0.0	Hamatopus	253.70844213354883	243.01781828558438
0.0	Herrerasaurus	231.94149658288714	230.16258452227495
0.0	Hesperosuchus	225.6497557771492	207.14996863269016
0.0	Hudsonelpidia	216.25003177341145	213.39353071027375
0.0	Hyloidichnus	259.0863040235377	252.0195860361653
0.0	Hyperodapedon	237.15636847823012	206.1070922540661
0.0	Hypsognathus	246.25786634225676	181.19392391332457
0.0	Ichthyosaurus	227.67770021375895	199.2371990244469
0.0	Ingenierichnus	255.44315071411253	254.005968870593
0.0	Isochirotherium	250.6114247094656	237.82961920264674
0.0	Kapes	248.69295913991309	247.8947101968886
0.0	Kayentapus	226.89369495443987	198.90987219567634
0.0	Keichousaurus	240.89828008960498	236.52854159036264
0.0	Kinelia	265.97844725719773	263.83579158702906
0.0	Kuehneosaurus	237.96378378240226	209.8560476259218
0.0	Labidosaurikos	280.73204526820894	278.2582992493181
0.0	Labidosaurus	283.46361311455706	274.1650446799677
0.0	Lagosuchus	239.50208917092633	238.1635200254571
0.0	Langobardisaurus	211.15415925770282	209.27883588534192
0.0	Lariosaurus	239.9542297093646	236.58887529992927
0.0	Leptonectes	203.43758800333367	202.79027616304677
0.0	Leptosuchus	228.35523467713912	205.62864071966868
0.0	Liliensternus	226.26228486200625	202.46803720658653
0.0	Longosuchus	222.54152161046568	219.97179450045456
0.0	Lotosaurus	244.34662147590663	243.02589908879688
0.0	Lucasuchus	236.9245206679463	228.23431678199816
0.0	Macgowania	213.82365473219517	211.30921094100415
0.0	Machaeroprosopus	228.3456332889181	202.0887820989999
0.0	Mafatrisauropus	200.72490921557733	199.92169959288816
0.0	Malerisaurus	225.3058726043035	206.36324993160926
0.0	Massospondylus	238.94539197484596	211.77022280947568
0.0	Megalancosaurus	215.10020122618445	206.99594303172037
0.0	Megalosauripus	200.64870741155673	199.85581636629962
0.0	Megalosaurus	203.82083878593798	203.06126027275485
0.0	Megapnosaurus	200.9894317869482	200.0683415518739
0.0	Mehliella	233.5606680507122	231.14546164360033
0.0	Melanorosaurus	224.46252881472876	205.0307742707344
0.0	Microcnemus	252.41105906152134	247.62646447883625
0.0	Mikadocephalus	242.08619108980704	240.9704631507223
0.0	Mixosaurus	247.44619377997776	219.13849326022827
0.0	Mystriosuchus	216.72944544499444	198.87185338741287
0.0	Nectosaurus	235.37166973088193	227.67183181513286
0.0	Neusticosaurus	245.82496696636022	238.23861526437017
0.0	Nicrosaurus	228.16966171673906	208.91070114284273
0.0	Nothosaurus	248.2567598860491	202.99715280078794
0.0	Obirkovia	259.01876512465907	257.21352232952825
0.0	Omphalosaurus	249.07547451520355	235.8673933994343
0.0	Orenburgia	248.60540255177293	247.8104900964744
0.0	Otozoum	234.54109126194564	196.50399473754925
0.0	Owenetta	251.0762733214466	249.78965373209417
0.0	Ozimek	233.63626365653099	231.8489273354884
0.0	Pachypes	258.05204323315485	252.24628457116881
0.0	Pachypleurosaurus	239.70353842125468	238.29562661369835
0.0	Pachystropheus	204.23892659460552	203.47379521224366
0.0	Palacrodon	215.30657512869985	212.40415608738257
0.0	Paleollanosaurus	204.20487557965453	203.38211275502576
0.0	Pampadromaeus	233.5724410313163	231.6561278347308
0.0	Parabrontopodus	201.46912389413072	199.5580610502071
0.0	Parachirotherium	236.4852439738357	228.35936786614812
0.0	Paralonectes	243.39910769178707	241.94276640913222
0.0	Parasuchus	250.45856472805332	208.3759585547025
0.0	Parasynaptichnium	244.47526714456006	243.10555131599153
0.0	Paratypothorax	227.226239203859	205.741583577028
0.0	Pareiasaurus	256.7287274114557	255.27253193827661
0.0	Pengxianpus	219.29439173653907	217.02323410960702
0.0	Phaanthosaurus	251.98897000888982	250.55770978108902
0.0	Phalangichnus	245.12548850469742	238.11371907172443
0.0	Placochelys	220.80235318870592	197.9102772561875
0.0	Placodus	248.91264558207902	230.94947222416405
0.0	Planocephalosaurus	239.60505010162643	202.48381390524295
0.0	Plateosaurus	229.49811234306495	199.89792284685322
0.0	Plectropterna	201.27586060945552	200.4764982598242
0.0	Plesiosaurus	204.83865517143147	199.48218214456006
0.0	Poposaurus	204.254221602182	203.54001114809577
0.0	Postosuchus	235.19813146954237	201.01854548429137
0.0	Procerosuchus	216.85496818587734	214.64788599222146
0.0	Prochirotherium	256.18238896403676	254.58628419385798
0.0	Procolophon	251.14403205556118	247.08976299141327
0.0	Procolophonichnium	258.9010398389737	213.8694727402768
0.0	Proganochelys	214.07184168148297	212.38799996201635
0.0	Promystriosuchus	223.02358797585617	221.24058896282455
0.0	Prorotodactylus	249.63613997151228	248.70524404626732
0.0	Proterochampsa	231.96046957480553	230.22400071593088
0.0	Proterosuchus	250.22069494161022	249.24209125083337
0.0	Protochirotherium	252.4332412950803	247.11142680674817
0.0	Protorosaurus	257.36395271966865	255.46519949358517
0.0	Protosuchus	200.9879277099707	200.25195610102028
0.0	Psephoderma	243.3594657827053	241.97059951419334
0.0	Psephosauriscus	240.47074313536723	238.629301239014
0.0	Psephosaurus	245.47625007485604	236.41371159561575
0.0	Pseudotetrasauropus	234.5305479806041	201.91734586806749
0.0	Pterodactylus	200.50374934983333	199.69669086837052
0.0	Qianichthyosaurus	239.68494676290535	236.74000745105565
0.0	Redondasuchus	222.72811377482574	210.09665860177796
0.0	Revueltosaurus	233.19234842327506	206.44774674098392
0.0	Rhipaeosaurus	268.14608882503285	259.7076623338721
0.0	Rhynchosauroides	258.14665800969794	201.5707987706839
0.0	Rigalites	216.51662616617836	214.66023793837758
0.0	Rotodactylus	251.22886750025253	215.82320727285588
0.0	Rutiodon	234.5973624564097	205.1316274362057
0.0	Saltoposuchus	215.61189478725123	213.82098108909992
0.0	Saturnalia	233.38169937135066	230.63254530073746
0.0	Scelidosaurus	200.69907782765935	200.0177847547227
0.0	Scharschengia	247.8299908269522	246.96575256793616
0.0	Sclerosaurus	245.78466399777759	244.4489673243762
0.0	Scoloparia	203.50612040236385	202.81288443246794
0.0	Scutosaurus	264.3623750821295	258.09727609809073
0.0	Shastasaurus	232.31592533518537	230.57878426356197
0.0	Shenmuichnus	235.0572286819881	194.06458077583594
0.0	Shonisaurus	226.81119118183656	201.94749307839177
0.0	Shuvosaurus	226.57160328164463	201.33060287726033
0.0	Sigmala	236.04282352762905	227.627206960097
0.0	Simosaurus	246.6459601662794	198.0161003317507
0.0	Smilosuchus	219.36424918385694	217.05407672401253
0.0	Spinosuchus	233.24751200171735	231.09138051510257
0.0	Stagonolepis	228.37306725760175	206.19643499515104
0.0	Stegomus	237.53897776694618	207.2989603173048
0.0	Stenaulorhynchus	246.09043298191733	241.80079228507932
0.0	Stenonyx	201.50125060460653	199.6864671949692
0.0	Steropoides	200.77130568249316	200.06594249833316
0.0	Synaptichnium	252.35555619668654	230.18017690079805
0.0	Syntarsus	203.6530849740378	202.46180941307202
0.0	Tanystropheus	248.48574281311244	200.34030981755734
0.0	Tanytrachelos	226.6260468211941	206.77573351005154
0.0	Tecovasaurus	216.72280354722702	214.48041892908375
0.0	Tecovasuchus	230.522434029801	206.96251745630872
0.0	Temnodontosaurus	200.60198213061926	199.88784518931206
0.0	Termatosaurus	203.89038652015356	203.15910537771492
0.0	Terrestrisuchus	236.86740523628652	227.64069452126478
0.0	Tetrasauropus	253.25416115900595	199.83997972441662
0.0	Thalattosaurus	243.25470001798163	230.7575054115567
0.0	Thecodontosaurus	250.4678838527124	198.96864646317812
0.0	Tichvinskia	250.19338651217296	247.4215177230023
0.0	Ticinosuchus	243.0675723843823	241.4782428202849
0.0	Trilophosaurus	232.82026547469442	206.83564275047985
0.0	Typothorax	228.9707037778564	207.90537769178707
0.0	Utatsusaurus	250.85665336640065	246.39123172077984
0.0	Vancleavea	231.0837507691686	207.29514872653803
0.0	Variodens	205.2530183427619	202.2216416571371
0.0	Wintonopus	200.85036846883523	200.17175128437216
0.0	Xinpusaurus	238.72332678987777	237.3944958338216
0.0	Yunguisaurus	238.84197910970806	237.56543238185677
0.0	Yunnanosaurus	200.4428987596727	199.743097885544
0.0	Zanclodon	203.9771362411355	203.23180328275583
